7.568202614784240723e-01
-5.755224451422691345e-02
-3.398596048355102539e-01
1.921822428703308105e-01
-7.284766435623168945e-02
-2.525557763874530792e-02
3.157462477684020996e-01
-2.099023386836051941e-02
-1.628374308347702026e-01
7.534277439117431641e-01
-1.099484264850616455e-01
-4.351804256439208984e-01
1.561692655086517334e-01
-1.147700995206832886e-01
6.185029447078704834e-02
3.083766698837280273e-01
-3.454081714153289795e-03
-2.037670463323593140e-01
8.109295368194580078e-01
-1.463042497634887695e-01
-5.102111697196960449e-01
1.153188198804855347e-01
-1.214703321456909180e-01
1.266189515590667725e-01
3.122364282608032227e-01
9.123325347900390625e-03
-2.248490750789642334e-01
