8.139887452125549316e-01
2.119326740503311157e-01
-3.026445508003234863e-01
-3.482904285192489624e-02
-1.687172949314117432e-01
9.285319596529006958e-03
8.099238574504852295e-02
-3.316546380519866943e-01
1.772415637969970703e-02
1.028767347335815430e+00
9.487410634756088257e-02
-4.612510800361633301e-01
-3.874273225665092468e-02
-1.438280791044235229e-01
-8.959789574146270752e-02
8.704659342765808105e-02
-3.077113032341003418e-01
3.178370743989944458e-02
1.181781768798828125e+00
2.462353557348251343e-02
-6.416714787483215332e-01
-4.043414071202278137e-02
-1.240610778331756592e-01
-1.407027244567871094e-01
8.789213746786117554e-02
-2.917590737342834473e-01
8.126299828290939331e-03
