8.373050093650817871e-01
2.096513658761978149e-01
-9.103678166866302490e-02
-1.925918161869049072e-01
-5.886536836624145508e-02
6.395008414983749390e-03
1.326507478952407837e-01
-3.718024864792823792e-02
2.304668724536895752e-02
8.644979000091552734e-01
1.142572388052940369e-01
-1.934203207492828369e-01
-2.166217863559722900e-01
6.320666521787643433e-02
-3.249214589595794678e-02
1.444634348154067993e-01
8.296892046928405762e-03
7.443870604038238525e-02
9.440891146659851074e-01
1.523815095424652100e-02
-2.752298116683959961e-01
-2.212854921817779541e-01
1.970970928668975830e-01
-3.506351262331008911e-02
1.588502526283264160e-01
3.447005152702331543e-02
8.496937155723571777e-02
