8.792061209678649902e-01
6.631147116422653198e-02
-1.669475436210632324e-01
1.384613215923309326e-01
1.132819801568984985e-02
5.109320953488349915e-02
1.468804031610488892e-01
-7.786200940608978271e-02
3.344596549868583679e-02
9.694099426269531250e-01
-4.071712493896484375e-02
-2.438483685255050659e-01
1.485850214958190918e-01
7.919308543205261230e-02
7.259660214185714722e-02
1.976427286863327026e-01
-1.173945441842079163e-01
-3.420099616050720215e-03
1.061159133911132812e+00
-1.020414680242538452e-01
-3.169762492179870605e-01
1.510862857103347778e-01
1.267459392547607422e-01
1.041220724582672119e-01
2.384162545204162598e-01
-1.327051222324371338e-01
-4.534656926989555359e-02
