8.143784403800964355e-01
5.981860309839248657e-02
-3.247574567794799805e-01
1.701389849185943604e-01
-2.437423169612884521e-02
-2.075858041644096375e-02
1.093958467245101929e-01
-6.214879080653190613e-02
-6.909592449665069580e-02
7.839493155479431152e-01
-3.670584410429000854e-03
-4.330564737319946289e-01
1.673719882965087891e-01
-3.180131316184997559e-03
1.562032103538513184e-02
1.043766140937805176e-01
3.727555274963378906e-03
-1.214243024587631226e-01
7.905236482620239258e-01
-4.221644252538681030e-02
-5.012857317924499512e-01
1.450589597225189209e-01
2.733005583286285400e-02
2.891876921057701111e-02
1.029759868979454041e-01
3.188214451074600220e-02
-1.506890356540679932e-01
