8.462298512458801270e-01
1.703777164220809937e-01
-1.610993295907974243e-01
9.303879737854003906e-02
4.382085427641868591e-02
-3.442304953932762146e-02
1.084263771772384644e-01
1.858587376773357391e-02
4.399124160408973694e-02
9.303582906723022461e-01
2.583280205726623535e-02
-1.739285141229629517e-01
9.112158417701721191e-02
2.042536139488220215e-01
-1.287157833576202393e-02
1.378637403249740601e-01
-3.517363220453262329e-02
2.526456862688064575e-02
1.035819292068481445e+00
-3.347866237163543701e-02
-1.829902678728103638e-01
8.993089199066162109e-02
2.990509867668151855e-01
6.778359413146972656e-03
1.656120121479034424e-01
-5.636866390705108643e-02
2.197656780481338501e-03
