7.075161933898925781e-01
4.081273078918457031e-01
-1.707838326692581177e-01
-1.984821259975433350e-01
-1.760860085487365723e-01
-2.100290171802043915e-02
4.214457795023918152e-02
-1.690120697021484375e-01
-2.612333372235298157e-02
8.946032524108886719e-01
2.082300782203674316e-01
-2.407833933830261230e-01
-2.428455650806427002e-01
9.872037917375564575e-02
-7.896322011947631836e-02
-1.752043887972831726e-02
-1.649256944656372070e-01
9.480066597461700439e-03
1.018801450729370117e+00
1.459774971008300781e-01
-2.643397152423858643e-01
-2.668713331222534180e-01
2.339210808277130127e-01
-1.381798684597015381e-01
-5.266225337982177734e-02
-1.445562541484832764e-01
1.122673973441123962e-02
