7.603269815444946289e-01
2.225384116172790527e-01
-1.749684512615203857e-01
-1.946057379245758057e-01
7.485693693161010742e-02
5.082094296813011169e-02
1.044083833694458008e-01
-1.521949172019958496e-01
-5.526502057909965515e-02
8.378511071205139160e-01
1.066845878958702087e-01
-1.816112995147705078e-01
-2.112643420696258545e-01
1.977517306804656982e-01
4.522996395826339722e-02
9.251208603382110596e-02
-1.314329206943511963e-01
-1.857016980648040771e-02
9.214253425598144531e-01
1.979029178619384766e-02
-1.989375203847885132e-01
-2.133091688156127930e-01
3.073328733444213867e-01
5.867736041545867920e-02
8.989428728818893433e-02
-1.108262389898300171e-01
-9.216751903295516968e-03
