6.199203729629516602e-01
2.876548469066619873e-01
-2.719323337078094482e-01
-2.708110809326171875e-01
-1.113966107368469238e-02
-3.738663345575332642e-02
4.070331528782844543e-02
-1.449607163667678833e-01
-7.612735033035278320e-02
7.398305535316467285e-01
1.664032936096191406e-01
-3.249599039554595947e-01
-2.737489342689514160e-01
7.545346021652221680e-02
-1.279894709587097168e-01
2.039615064859390259e-03
-1.497531831264495850e-01
-3.488661348819732666e-02
8.575953841209411621e-01
9.366551786661148071e-02
-4.253012835979461670e-01
-2.726720571517944336e-01
1.257429718971252441e-01
-1.582015752792358398e-01
-2.423649281263351440e-02
-1.291591823101043701e-01
-2.982809767127037048e-02
