5.397208929061889648e-01
1.383409798145294189e-01
-3.017339706420898438e-01
-6.348412483930587769e-02
-1.749107241630554199e-02
-6.537662446498870850e-02
6.692089140415191650e-02
3.294391930103302002e-02
-2.377636358141899109e-02
6.389545202255249023e-01
3.264314681291580200e-02
-3.369035720825195312e-01
-6.817810237407684326e-02
9.880039840936660767e-02
-8.331610262393951416e-02
5.583615228533744812e-02
6.665400415658950806e-02
4.704441875219345093e-03
7.174305319786071777e-01
-5.104809999465942383e-03
-3.706156611442565918e-01
-7.425925135612487793e-02
1.639015078544616699e-01
-1.067611053586006165e-01
4.813023656606674194e-02
8.436322212219238281e-02
-8.423961699008941650e-04
