8.646913170814514160e-01
-1.156896352767944336e-02
-2.449464201927185059e-01
1.270728707313537598e-01
-3.741174936294555664e-03
7.501341402530670166e-03
2.826508879661560059e-01
-7.193250954151153564e-02
2.923776954412460327e-02
9.186815023422241211e-01
-1.176136359572410583e-01
-3.346970975399017334e-01
7.081711292266845703e-02
5.590881407260894775e-02
6.506673246622085571e-02
3.395195007324218750e-01
-5.293927341699600220e-02
3.829789906740188599e-02
9.973809719085693359e-01
-1.544209718704223633e-01
-4.108324646949768066e-01
3.163927420973777771e-02
7.936710119247436523e-02
1.185389161109924316e-01
3.802615404129028320e-01
-4.140928387641906738e-02
3.031158074736595154e-02
