8.220794796943664551e-01
3.285177350044250488e-01
-2.983236312866210938e-01
-8.040326833724975586e-02
-2.659132778644561768e-01
-3.796045482158660889e-02
3.134065493941307068e-02
-3.689893186092376709e-01
-2.167584374547004700e-02
1.065773487091064453e+00
1.717379987239837646e-01
-4.557938575744628906e-01
-9.730127453804016113e-02
-1.760149747133255005e-01
-1.143861114978790283e-01
1.375855877995491028e-02
-3.895327150821685791e-01
-2.190051227807998657e-02
1.294044733047485352e+00
1.404560804367065430e-01
-6.164284944534301758e-01
-1.129595339298248291e-01
-1.724903583526611328e-01
-1.640106141567230225e-01
-5.550451576709747314e-03
-3.941217064857482910e-01
-4.380531236529350281e-02
