7.226205468177795410e-01
2.471595108509063721e-01
-2.050651609897613525e-01
7.888086885213851929e-02
1.084200292825698853e-02
8.065965771675109863e-02
1.678611785173416138e-01
-2.054096460342407227e-01
-8.462388813495635986e-02
8.303092718124389648e-01
1.604937911033630371e-01
-2.570520639419555664e-01
1.037649363279342651e-01
9.350203722715377808e-02
3.888130933046340942e-02
2.230153828859329224e-01
-2.500892579555511475e-01
-1.320622116327285767e-01
1.026349425315856934e+00
9.680566936731338501e-02
-3.050338625907897949e-01
1.148189157247543335e-01
1.704478263854980469e-01
3.450184687972068787e-02
2.610566020011901855e-01
-2.760649621486663818e-01
-1.639197170734405518e-01
