6.223663091659545898e-01
4.109696447849273682e-01
-2.301393896341323853e-01
-1.464304924011230469e-01
4.894106835126876831e-02
1.847775653004646301e-02
9.826393425464630127e-02
-1.597273945808410645e-01
-4.243436083197593689e-02
8.479873538017272949e-01
2.311053276062011719e-01
-1.788505464792251587e-01
-1.699732393026351929e-01
2.680391967296600342e-01
-4.146724939346313477e-02
8.444289863109588623e-02
-2.279096543788909912e-01
-3.286617249250411987e-02
1.012212514877319336e+00
1.593625545501708984e-01
-1.569047719240188599e-01
-1.858839839696884155e-01
3.765581250190734863e-01
-7.098551839590072632e-02
6.811851263046264648e-02
-2.567818164825439453e-01
-4.049600288271903992e-02
