8.050001263618469238e-01
2.463530302047729492e-01
-2.318791151046752930e-01
2.795755863189697266e-03
-2.074396610260009766e-01
7.335692644119262695e-04
-5.176448449492454529e-02
-2.649152278900146484e-01
-1.517167985439300537e-01
1.001624107360839844e+00
1.697443127632141113e-01
-3.010340332984924316e-01
4.984117671847343445e-02
-1.887659877538681030e-01
1.404868438839912415e-02
-9.790198504924774170e-02
-3.143551945686340332e-01
-1.779933273792266846e-01
1.226044654846191406e+00
1.067470088601112366e-01
-3.708173632621765137e-01
7.501728832721710205e-02
-1.421587467193603516e-01
3.517119586467742920e-02
-1.233431473374366760e-01
-3.486498296260833740e-01
-2.104636728763580322e-01
