8.072985410690307617e-01
1.915798038244247437e-01
-1.601993739604949951e-01
5.061115697026252747e-02
-5.978187918663024902e-02
5.541930720210075378e-02
1.138431280851364136e-01
-1.893183439970016479e-01
1.510465890169143677e-02
9.791363477706909180e-01
1.569425314664840698e-02
-2.376233786344528198e-01
3.357000276446342468e-02
1.309320628643035889e-01
7.559008896350860596e-02
1.426688581705093384e-01
-1.915257275104522705e-01
4.583988338708877563e-03
1.159145832061767578e+00
-1.159634441137313843e-02
-2.703437507152557373e-01
1.919314637780189514e-02
2.026017606258392334e-01
8.118608593940734863e-02
1.630391478538513184e-01
-1.903375387191772461e-01
-9.088892489671707153e-03
