8.160185217857360840e-01
1.825334131717681885e-01
-2.591511905193328857e-01
-2.594158798456192017e-02
-9.566052258014678955e-02
2.725225314497947693e-02
5.562618747353553772e-02
-2.691475749015808105e-01
1.700673997402191162e-01
9.690291881561279297e-01
2.542877197265625000e-02
-3.368263840675354004e-01
-7.046121358871459961e-02
3.779053688049316406e-03
6.937652081251144409e-02
8.942723274230957031e-02
-2.605916559696197510e-01
1.965000778436660767e-01
1.110401153564453125e+00
-1.120599359273910522e-02
-3.586655855178833008e-01
-9.943801164627075195e-02
4.158490896224975586e-02
5.926102399826049805e-02
1.119025275111198425e-01
-2.765225172042846680e-01
1.867682039737701416e-01
