7.811725735664367676e-01
2.939051389694213867e-01
-1.254637092351913452e-01
-8.738236874341964722e-02
-1.219018250703811646e-01
-5.002564564347267151e-02
1.327409595251083374e-01
-3.019408509135246277e-02
-3.407646343111991882e-02
9.455373287200927734e-01
1.980397105216979980e-01
-1.463893949985504150e-01
-1.073965132236480713e-01
1.851992309093475342e-02
-6.274548172950744629e-02
1.383548527956008911e-01
-6.512420624494552612e-02
-1.613458991050720215e-02
1.117161750793457031e+00
9.041563421487808228e-02
-1.797915101051330566e-01
-1.184665560722351074e-01
1.729410290718078613e-01
-4.528462141752243042e-02
1.448193192481994629e-01
-8.659161627292633057e-02
-1.810307428240776062e-02
