6.306134462356567383e-01
2.758463323116302490e-01
-3.643790185451507568e-01
-2.645043283700942993e-02
1.927334070205688477e-01
-4.313378781080245972e-02
7.439012825489044189e-02
-1.148423403501510620e-01
1.075594723224639893e-01
7.238353490829467773e-01
1.171985343098640442e-01
-3.688816726207733154e-01
-3.360759839415550232e-02
3.209016323089599609e-01
-1.563946604728698730e-01
9.423010051250457764e-02
-9.538067132234573364e-02
1.186878383159637451e-01
8.029766082763671875e-01
6.125015765428543091e-02
-3.974754810333251953e-01
-3.831223025918006897e-02
3.779221177101135254e-01
-2.228920459747314453e-01
1.057012155652046204e-01
-8.782488107681274414e-02
1.025192290544509888e-01
