7.577186226844787598e-01
2.990829646587371826e-01
-2.045995444059371948e-01
7.308830320835113525e-02
5.295655876398086548e-02
-1.138752512633800507e-02
4.534288123250007629e-02
-1.480786949396133423e-01
1.230760812759399414e-01
9.332518577575683594e-01
1.532146632671356201e-01
-2.084373384714126587e-01
9.025362879037857056e-02
2.316836118698120117e-01
-7.530929148197174072e-02
1.113521903753280640e-01
-1.649185121059417725e-01
1.012108996510505676e-01
1.098120927810668945e+00
8.432147651910781860e-02
-2.296453714370727539e-01
1.017611473798751831e-01
3.477061986923217773e-01
-1.024601683020591736e-01
1.547603607177734375e-01
-1.884822249412536621e-01
6.185508519411087036e-02
