5.927844047546386719e-01
7.187308371067047119e-02
-2.464353740215301514e-01
-2.935884892940521240e-02
3.176500797271728516e-01
9.107966721057891846e-02
1.000985875725746155e-02
-2.568659558892250061e-02
3.991226106882095337e-02
6.160930991172790527e-01
-4.513585567474365234e-02
-2.537222802639007568e-01
-2.211814373731613159e-02
3.753072023391723633e-01
7.502687722444534302e-02
-4.926700145006179810e-03
-2.257725596427917480e-02
3.911359235644340515e-02
6.148768067359924316e-01
-9.036739915609359741e-02
-2.748608887195587158e-01
-2.366580441594123840e-02
3.917183279991149902e-01
5.906657129526138306e-02
-9.433411061763763428e-03
-1.860105991363525391e-02
1.642246171832084656e-02
