7.254059910774230957e-01
3.422617316246032715e-01
-1.215456053614616394e-01
5.787719041109085083e-02
-1.789980381727218628e-02
-5.730144679546356201e-02
1.018048524856567383e-01
1.785822212696075439e-03
9.274645149707794189e-02
9.798151254653930664e-01
2.171848416328430176e-01
-1.099052131175994873e-01
4.386618733406066895e-02
1.722080111503601074e-01
-8.418342471122741699e-02
1.513976305723190308e-01
-7.562666386365890503e-02
6.559639424085617065e-02
1.212001562118530273e+00
1.429137289524078369e-01
-1.178686171770095825e-01
2.551833540201187134e-02
3.127822875976562500e-01
-8.341655880212783813e-02
1.799130439758300781e-01
-1.357169449329376221e-01
3.839515149593353271e-02
