8.393982648849487305e-01
2.758321762084960938e-01
-2.438045889139175415e-01
8.181920275092124939e-03
-9.664002060890197754e-02
-4.153131693601608276e-02
9.361369907855987549e-02
-1.198146641254425049e-01
7.310325652360916138e-02
9.397255182266235352e-01
1.328572630882263184e-01
-3.260490298271179199e-01
1.631249859929084778e-02
8.046978712081909180e-02
-1.039905101060867310e-01
1.484517902135848999e-01
-1.161565408110618591e-01
7.422216981649398804e-02
1.026845455169677734e+00
4.786025732755661011e-02
-3.918447494506835938e-01
2.964412048459053040e-02
1.996622085571289062e-01
-1.250268220901489258e-01
1.913483142852783203e-01
-1.026668548583984375e-01
5.366687476634979248e-02
