8.435456156730651855e-01
1.871845275163650513e-01
-1.098238825798034668e-01
-1.089905425906181335e-01
6.400191783905029297e-02
2.584188804030418396e-02
9.731449186801910400e-02
-5.614175274968147278e-02
-1.170608773827552795e-02
8.949579000473022461e-01
7.624731212854385376e-02
-1.212960481643676758e-01
-1.060680150985717773e-01
1.560332030057907104e-01
5.339422076940536499e-02
1.107149422168731689e-01
-1.092249080538749695e-01
-9.182527661323547363e-03
1.021525144577026367e+00
-3.851927816867828369e-03
-1.434173732995986938e-01
-1.003579795360565186e-01
2.428146898746490479e-01
9.877075999975204468e-02
1.281498968601226807e-01
-1.299290657043457031e-01
-1.758735999464988708e-02
