7.122511863708496094e-01
3.052963018417358398e-01
-3.581389188766479492e-01
-1.603440940380096436e-01
2.732574939727783203e-02
-7.256273925304412842e-02
5.359428003430366516e-02
-6.262397766113281250e-02
2.959820628166198730e-02
7.911440134048461914e-01
1.286296844482421875e-01
-4.385976195335388184e-01
-1.745860129594802856e-01
1.634493470191955566e-01
-1.939617693424224854e-01
1.906881853938102722e-02
-4.993567615747451782e-02
7.961973547935485840e-02
8.128736019134521484e-01
5.116512626409530640e-02
-5.275382995605468750e-01
-1.765412986278533936e-01
2.175485491752624512e-01
-2.626111805438995361e-01
-2.977497875690460205e-03
-2.295042574405670166e-02
8.218130469322204590e-02
