8.606628179550170898e-01
1.757810115814208984e-01
-8.180227875709533691e-02
-1.377322077751159668e-01
9.065907448530197144e-02
9.103961288928985596e-02
2.567240968346595764e-02
-6.863671541213989258e-02
-8.053295314311981201e-02
9.808633327484130859e-01
4.593510925769805908e-02
-9.673509001731872559e-02
-1.283161342144012451e-01
2.079273164272308350e-01
1.452665627002716064e-01
8.742798119783401489e-03
-1.218386068940162659e-01
-7.132528722286224365e-02
1.147985219955444336e+00
-9.003795683383941650e-03
-1.074040532112121582e-01
-1.229269653558731079e-01
2.826982736587524414e-01
1.856188476085662842e-01
-8.217878639698028564e-03
-1.584557294845581055e-01
-7.529565691947937012e-02
