7.388814091682434082e-01
1.921969950199127197e-01
-2.336416840553283691e-01
-1.112203374505043030e-01
-8.818942308425903320e-02
1.815325394272804260e-02
3.225502744317054749e-02
-1.884067654609680176e-01
2.745285630226135254e-02
9.238443374633789062e-01
2.294700592756271362e-02
-3.145719468593597412e-01
-1.519649326801300049e-01
4.775077104568481445e-02
1.731081679463386536e-02
1.633920148015022278e-02
-2.143041491508483887e-01
4.647111147642135620e-02
1.070019960403442383e+00
1.894332468509674072e-03
-3.908107578754425049e-01
-1.852155327796936035e-01
6.281028687953948975e-02
-1.134708523750305176e-03
-2.946294844150543213e-03
-2.184888720512390137e-01
4.073100909590721130e-02
