7.277115583419799805e-01
1.569576114416122437e-01
-3.438603281974792480e-01
2.587230205535888672e-01
2.807946503162384033e-02
-8.215150237083435059e-02
2.333961576223373413e-01
-7.862128317356109619e-02
1.299910396337509155e-01
7.606263160705566406e-01
5.560720711946487427e-02
-4.182346463203430176e-01
2.921704053878784180e-01
1.164758950471878052e-01
-1.746198385953903198e-01
3.720248639583587646e-01
-6.118845194578170776e-02
4.271794483065605164e-02
8.474571704864501953e-01
-1.594926416873931885e-02
-5.198285579681396484e-01
3.056449890136718750e-01
1.861073970794677734e-01
-1.797913610935211182e-01
4.771057367324829102e-01
-3.691951930522918701e-02
-2.546844258904457092e-02
