6.837179660797119141e-01
2.959888279438018799e-01
-2.002538144588470459e-01
-4.177124053239822388e-02
2.480566501617431641e-03
-3.966044634580612183e-03
9.454388916492462158e-02
-1.420374065637588501e-01
5.317738652229309082e-02
8.390811085700988770e-01
1.907286942005157471e-01
-2.006038427352905273e-01
-5.640372261404991150e-02
1.541424691677093506e-01
-6.772640347480773926e-02
1.246320158243179321e-01
-1.370384693145751953e-01
4.689771682024002075e-02
9.910141229629516602e-01
1.007062718272209167e-01
-2.088115066289901733e-01
-7.036256790161132812e-02
2.964484393596649170e-01
-9.396877139806747437e-02
1.443752944469451904e-01
-1.405088901519775391e-01
2.953650429844856262e-02
