8.752940297126770020e-01
1.245213896036148071e-01
-7.980288565158843994e-02
2.506228722631931305e-02
2.729995548725128174e-02
8.379630744457244873e-02
1.243805587291717529e-01
-5.480303987860679626e-02
-3.639992699027061462e-02
9.710336923599243164e-01
6.455108523368835449e-03
-1.342998147010803223e-01
3.404805064201354980e-02
2.001259624958038330e-01
5.928219854831695557e-02
1.477760076522827148e-01
-5.865118652582168579e-02
-7.031837105751037598e-02
1.079333066940307617e+00
-6.732119619846343994e-02
-1.757032424211502075e-01
3.500420227646827698e-02
3.262902498245239258e-01
7.176707684993743896e-02
1.642048060894012451e-01
-4.429033398628234863e-02
-9.648725390434265137e-02
