7.876758575439453125e-01
6.760644912719726562e-02
-2.496134638786315918e-01
5.808150768280029297e-02
-1.856340765953063965e-01
-1.213744655251502991e-02
5.798613652586936951e-02
-1.847228407859802246e-01
-7.258147001266479492e-02
8.937058448791503906e-01
4.841350764036178589e-02
-3.147607147693634033e-01
1.045714914798736572e-01
-2.877025604248046875e-01
2.614454552531242371e-02
6.560879945755004883e-02
-2.498554289340972900e-01
-1.294088214635848999e-01
1.020606398582458496e+00
-5.201387777924537659e-02
-4.275845885276794434e-01
1.264404058456420898e-01
-2.659155726432800293e-01
8.319457620382308960e-02
8.576854318380355835e-02
-2.746034860610961914e-01
-1.770899891853332520e-01
