7.530518174171447754e-01
2.603139281272888184e-01
-2.084305733442306519e-01
1.018757149577140808e-01
-5.213765799999237061e-02
-8.618474006652832031e-02
1.435718089342117310e-01
5.740602687001228333e-02
1.977513730525970459e-01
7.959641218185424805e-01
1.222469285130500793e-01
-2.505241334438323975e-01
1.059982627630233765e-01
1.518886685371398926e-01
-1.390686184167861938e-01
2.321177572011947632e-01
6.128496304154396057e-02
1.692582368850708008e-01
8.748707771301269531e-01
3.903221338987350464e-02
-2.455047369003295898e-01
1.107999086380004883e-01
3.071997165679931641e-01
-1.671718955039978027e-01
3.023792505264282227e-01
5.400895327329635620e-02
1.307471692562103271e-01
