8.284494280815124512e-01
3.674409985542297363e-01
-1.108162999153137207e-01
-3.254132717847824097e-02
-1.452922224998474121e-01
-5.517322570085525513e-03
4.636344686150550842e-02
-1.063390970230102539e-01
2.974570915102958679e-02
9.976665973663330078e-01
1.791018843650817871e-01
-1.249820441007614136e-01
-4.062869772315025330e-02
1.386180520057678223e-01
-3.136231750249862671e-02
5.775499716401100159e-02
-1.483285725116729736e-01
2.812747657299041748e-02
1.118484735488891602e+00
1.029936298727989197e-01
-1.247094273567199707e-01
-4.516570642590522766e-02
3.003369569778442383e-01
-5.524720996618270874e-02
6.451123207807540894e-02
-1.604631543159484863e-01
9.855955839157104492e-03
