8.669131994247436523e-01
2.201862484216690063e-01
-1.622876375913619995e-01
-8.274964988231658936e-02
-3.438547253608703613e-02
2.341688796877861023e-02
1.108298152685165405e-01
-7.698847353458404541e-02
-5.126624181866645813e-02
9.655326008796691895e-01
7.177726179361343384e-02
-1.988705098628997803e-01
-9.372147917747497559e-02
1.521069109439849854e-01
-1.368476450443267822e-02
1.092579811811447144e-01
-1.026763990521430969e-01
-5.680311471223831177e-02
1.029526591300964355e+00
-1.832258701324462891e-02
-2.480757534503936768e-01
-1.016521155834197998e-01
2.683244645595550537e-01
-9.890824556350708008e-03
1.060231104493141174e-01
-8.817365765571594238e-02
-7.002672553062438965e-02
