7.820265293121337891e-01
2.062230259180068970e-01
-2.823553085327148438e-01
-2.447168529033660889e-02
-3.057137131690979004e-02
1.714112609624862671e-02
1.140463054180145264e-01
-2.168589532375335693e-01
-2.967578545212745667e-02
9.544415473937988281e-01
5.939979851245880127e-02
-3.824348449707031250e-01
-2.305873855948448181e-02
8.532344549894332886e-02
-6.403302401304244995e-02
1.384406983852386475e-01
-2.043721377849578857e-01
-2.208812534809112549e-02
1.078406333923339844e+00
-1.172304153442382812e-03
-5.029530525207519531e-01
-2.046173438429832458e-02
1.270700693130493164e-01
-7.317879050970077515e-02
1.523472666740417480e-01
-1.826653480529785156e-01
-3.831589594483375549e-02
