8.281667828559875488e-01
1.640740185976028442e-01
-2.983753979206085205e-01
-1.265796124935150146e-01
3.307473659515380859e-02
3.803608939051628113e-02
-7.631964981555938721e-02
-1.039150357246398926e-01
-2.096851766109466553e-01
8.099522590637207031e-01
4.678829014301300049e-02
-3.085375130176544189e-01
-3.573289886116981506e-02
6.473143398761749268e-02
4.267435520887374878e-02
-1.384341716766357422e-01
-1.235945299267768860e-01
-2.150155752897262573e-01
8.675248622894287109e-01
-3.843965008854866028e-02
-3.290164172649383545e-01
3.230575099587440491e-02
1.150783076882362366e-01
5.226374417543411255e-02
-1.781862378120422363e-01
-1.365426480770111084e-01
-2.332785725593566895e-01
