9.226660728454589844e-01
1.611898243427276611e-01
-1.912245154380798340e-01
-2.049265056848526001e-02
-5.940595269203186035e-02
5.274429544806480408e-02
1.179123073816299438e-01
-1.502653658390045166e-01
-2.605343237519264221e-02
9.861624240875244141e-01
1.294604688882827759e-02
-2.714256942272186279e-01
-5.247656628489494324e-02
8.300594985485076904e-02
5.301093310117721558e-02
1.109648048877716064e-01
-1.600610911846160889e-01
-3.010324388742446899e-02
1.068037986755371094e+00
-4.169112443923950195e-02
-3.206427097320556641e-01
-7.749459147453308105e-02
1.499550938606262207e-01
5.185620114207267761e-02
1.021440103650093079e-01
-1.530439853668212891e-01
-4.093847796320915222e-02
