8.385120630264282227e-01
2.949342131614685059e-01
-1.530653834342956543e-01
2.810709737241268158e-02
-2.076333761215209961e-02
6.987036764621734619e-02
5.944417044520378113e-02
-1.979500949382781982e-01
6.798802316188812256e-02
1.007582306861877441e+00
1.374372541904449463e-01
-1.935301721096038818e-01
2.401059120893478394e-02
1.847842037677764893e-01
2.482347935438156128e-02
1.078604906797409058e-01
-2.172813117504119873e-01
4.011196643114089966e-02
1.174499988555908203e+00
8.057410269975662231e-02
-2.186035811901092529e-01
1.434557512402534485e-02
2.968885898590087891e-01
-4.396356642246246338e-03
1.305210590362548828e-01
-2.349040210247039795e-01
6.839454174041748047e-03
