7.909033894538879395e-01
3.604358136653900146e-01
-3.016204833984375000e-01
-1.220055893063545227e-01
-1.096912920475006104e-01
-4.451532661914825439e-02
1.097830682992935181e-01
-2.220568060874938965e-01
9.826935827732086182e-03
9.247034192085266113e-01
1.671144664287567139e-01
-3.448313474655151367e-01
-1.393142044544219971e-01
9.876006841659545898e-02
-1.282129585742950439e-01
1.179361790418624878e-01
-2.165076732635498047e-01
3.031431883573532104e-02
1.027945756912231445e+00
8.860028535127639771e-02
-3.890062272548675537e-01
-1.449565738439559937e-01
2.105638980865478516e-01
-1.795018017292022705e-01
1.214939430356025696e-01
-1.946866512298583984e-01
2.583212777972221375e-02
