7.503836154937744141e-01
2.522696554660797119e-01
-2.258265912532806396e-01
2.303501777350902557e-02
-1.535824686288833618e-02
1.149980723857879639e-02
5.741460248827934265e-02
-1.953889131546020508e-01
2.126994356513023376e-02
8.549723625183105469e-01
1.506711542606353760e-01
-2.922845184803009033e-01
3.498371317982673645e-02
1.321632564067840576e-01
-5.294711887836456299e-02
1.035332828760147095e-01
-1.588856875896453857e-01
-1.737792789936065674e-02
9.892586469650268555e-01
9.046079963445663452e-02
-3.372615277767181396e-01
3.337484970688819885e-02
2.426713854074478149e-01
-7.359061390161514282e-02
1.354963779449462891e-01
-1.364464759826660156e-01
-4.731753095984458923e-02
