8.260910511016845703e-01
1.408476382493972778e-01
-2.084881067276000977e-01
-5.977041274309158325e-02
-2.402704954147338867e-01
-1.681718602776527405e-02
1.008236110210418701e-01
-1.830300986766815186e-01
-1.093426346778869629e-01
9.866217374801635742e-01
5.255445092916488647e-02
-2.893120050430297852e-01
-7.171322405338287354e-02
-1.935413628816604614e-01
5.181180685758590698e-02
9.537775814533233643e-02
-2.080148756504058838e-01
-1.154672503471374512e-01
1.178866386413574219e+00
4.318043589591979980e-03
-3.710485398769378662e-01
-9.091679751873016357e-02
-1.492820978164672852e-01
9.746035188436508179e-02
8.702965825796127319e-02
-2.176475226879119873e-01
-1.253009736537933350e-01
