8.062052130699157715e-01
2.121161222457885742e-01
-1.411905586719512939e-01
-1.617830991744995117e-01
-4.206500947475433350e-03
6.364685297012329102e-02
3.241061046719551086e-02
-5.211251601576805115e-02
-9.671200811862945557e-02
9.404703378677368164e-01
5.909664928913116455e-02
-1.681887209415435791e-01
-1.671866774559020996e-01
1.401929855346679688e-01
7.514856010675430298e-02
-1.495220884680747986e-02
-1.124249771237373352e-01
-7.640790939331054688e-02
1.050566196441650391e+00
-5.002357065677642822e-03
-1.959789395332336426e-01
-1.711187958717346191e-01
2.139886915683746338e-01
7.234594225883483887e-02
-5.559476464986801147e-02
-1.394452452659606934e-01
-7.782578468322753906e-02
