7.487614154815673828e-01
2.899631261825561523e-01
-2.631490528583526611e-01
-1.216819062829017639e-01
-1.690492630004882812e-01
7.534009218215942383e-02
1.262740343809127808e-01
-2.334744334220886230e-01
-1.060253977775573730e-01
9.509240984916687012e-01
1.522575318813323975e-01
-3.785373568534851074e-01
-1.334311068058013916e-01
-9.229899942874908447e-02
3.153230994939804077e-03
9.015233814716339111e-02
-2.533417046070098877e-01
-8.901520073413848877e-02
1.128191709518432617e+00
7.980348914861679077e-02
-4.760605394840240479e-01
-1.396941691637039185e-01
-4.060894250869750977e-02
-6.502670794725418091e-02
5.083619803190231323e-02
-2.834547758102416992e-01
-1.019484847784042358e-01
