7.863640189170837402e-01
2.675600349903106689e-01
-1.365837156772613525e-01
-1.428025960922241211e-01
8.067190647125244141e-03
4.088636860251426697e-02
9.556041657924652100e-02
-1.166235059499740601e-01
-9.031567722558975220e-03
8.819695115089416504e-01
1.210795864462852478e-01
-1.727708429098129272e-01
-1.535757631063461304e-01
2.151437401771545410e-01
-1.624447107315063477e-02
1.087397485971450806e-01
-1.132468655705451965e-01
3.438390791416168213e-03
9.425845146179199219e-01
2.720571309328079224e-02
-2.115109711885452271e-01
-1.549587249755859375e-01
3.573918640613555908e-01
-3.823699802160263062e-02
1.200339123606681824e-01
-8.677083253860473633e-02
-1.821074634790420532e-03
