7.205564379692077637e-01
2.917873263359069824e-01
-3.763502240180969238e-01
-1.877991855144500732e-01
-7.904545962810516357e-02
-1.562194377183914185e-01
1.147830486297607422e-01
-3.650382161140441895e-03
-2.715147659182548523e-02
8.129272460937500000e-01
1.674429178237915039e-01
-4.313066005706787109e-01
-1.906589865684509277e-01
-6.768807768821716309e-03
-1.940883696079254150e-01
1.061083972454071045e-01
-2.559489756822586060e-02
4.921678453683853149e-03
8.687948584556579590e-01
6.853327900171279907e-02
-5.198695659637451172e-01
-1.835553646087646484e-01
4.986330866813659668e-02
-1.744624376296997070e-01
1.091008409857749939e-01
-1.622253656387329102e-02
4.172664135694503784e-03
