8.020801544189453125e-01
1.518843472003936768e-01
-1.338361203670501709e-01
-7.600696384906768799e-02
-3.323893249034881592e-02
7.651242613792419434e-02
1.238600462675094604e-01
-1.442928016185760498e-01
-1.964968815445899963e-02
9.120606184005737305e-01
3.760714083909988403e-03
-1.981056928634643555e-01
-1.110758781433105469e-01
1.562846153974533081e-01
4.930816590785980225e-02
1.233440786600112915e-01
-1.347047984600067139e-01
-1.162055134773254395e-02
1.013904571533203125e+00
-5.129237473011016846e-02
-2.488043308258056641e-01
-1.333192288875579834e-01
2.520563006401062012e-01
3.206110745668411255e-02
1.199619695544242859e-01
-1.095042079687118530e-01
-1.931259408593177795e-02
