7.451043128967285156e-01
3.634538948535919189e-01
-1.731866002082824707e-01
-2.537437379360198975e-01
-3.872837126255035400e-02
-7.752452045679092407e-03
1.085997521877288818e-01
-8.377189934253692627e-02
-1.118072867393493652e-01
1.000545740127563477e+00
1.908761262893676758e-01
-1.608363687992095947e-01
-2.591920197010040283e-01
1.447871923446655273e-01
-3.281929343938827515e-02
8.926279842853546143e-02
-1.878618896007537842e-01
-7.440485060214996338e-02
1.239491939544677734e+00
1.169369295239448547e-01
-1.787765026092529297e-01
-2.554969489574432373e-01
2.376237362623214722e-01
-7.464461028575897217e-03
6.822089105844497681e-02
-2.347983121871948242e-01
-6.791800260543823242e-02
