8.230959177017211914e-01
1.522067934274673462e-01
-4.529000818729400635e-02
-9.382415562868118286e-02
1.150242239236831665e-01
1.276164799928665161e-01
1.291577368974685669e-01
-4.686876758933067322e-02
-9.486295282840728760e-02
9.573672413825988770e-01
2.901669591665267944e-02
-6.194186210632324219e-02
-1.096293032169342041e-01
2.463217675685882568e-01
1.289303153753280640e-01
1.005098819732666016e-01
-9.291123598814010620e-02
-9.231445193290710449e-02
1.077079772949218750e+00
-5.089443922042846680e-02
-9.782016277313232422e-02
-1.227961778640747070e-01
3.437694013118743896e-01
1.495034992694854736e-01
7.856129854917526245e-02
-1.046586930751800537e-01
-9.497922658920288086e-02
