7.367076873779296875e-01
8.012177050113677979e-02
-2.881225943565368652e-01
-1.627609133720397949e-02
-1.015007793903350830e-01
5.522624030709266663e-02
1.140224337577819824e-01
-1.087888479232788086e-01
-1.603091135621070862e-02
8.520863056182861328e-01
-5.348201841115951538e-02
-3.663583993911743164e-01
-3.380602225661277771e-02
-1.088672131299972534e-01
8.849005401134490967e-02
9.030634164810180664e-02
-1.500050723552703857e-01
1.003593206405639648e-05
9.642903208732604980e-01
-1.182468459010124207e-01
-4.442182183265686035e-01
-4.658742621541023254e-02
-1.226645410060882568e-01
9.748226404190063477e-02
7.009720057249069214e-02
-1.912187635898590088e-01
-1.062335446476936340e-02
