9.043616056442260742e-01
2.206484675407409668e-01
-2.852490544319152832e-02
-5.153950303792953491e-02
-1.398586183786392212e-01
4.035732522606849670e-02
1.100065261125564575e-01
-1.466115713119506836e-01
-3.847884014248847961e-02
1.080454826354980469e+00
5.997434258460998535e-02
-4.502892494201660156e-02
-8.407835662364959717e-02
8.492167294025421143e-02
9.939594566822052002e-02
1.184023022651672363e-01
-1.995987594127655029e-01
-3.674802184104919434e-02
1.231369972229003906e+00
-4.127398133277893066e-04
-6.777089834213256836e-02
-1.077886223793029785e-01
2.137634754180908203e-01
1.314545869827270508e-01
1.225713714957237244e-01
-2.082809805870056152e-01
-4.246370121836662292e-02
