7.879244089126586914e-01
1.735957711935043335e-01
-1.416858881711959839e-01
-1.935335397720336914e-01
8.070550858974456787e-02
8.125326037406921387e-02
9.679947793483734131e-02
-1.910164579749107361e-02
-6.352590024471282959e-02
8.490561246871948242e-01
2.951586991548538208e-02
-1.853743493556976318e-01
-2.063068151473999023e-01
2.125291675329208374e-01
8.791883289813995361e-02
6.701906025409698486e-02
-3.398937731981277466e-02
-3.331986069679260254e-02
9.422261714935302734e-01
-4.112351685762405396e-02
-2.014098167419433594e-01
-2.119157612323760986e-01
2.992462217807769775e-01
8.965884149074554443e-02
4.426027089357376099e-02
-4.013355076313018799e-02
-2.609450742602348328e-02
