1.008755683898925781e+00
1.290871500968933105e-01
-2.079713642597198486e-01
-2.340766787528991699e-02
-2.030898928642272949e-01
5.725691094994544983e-02
9.605495631694793701e-02
-2.052291929721832275e-01
3.167764469981193542e-02
1.064900040626525879e+00
-1.933422312140464783e-02
-2.790444493293762207e-01
-1.093439012765884399e-01
-9.045688807964324951e-02
9.990437328815460205e-02
4.949893429875373840e-02
-2.162528038024902344e-01
3.385513275861740112e-02
1.071860790252685547e+00
-8.424536138772964478e-02
-3.184480667114257812e-01
-1.850557327270507812e-01
-3.263735771179199219e-02
9.699937701225280762e-02
8.027933537960052490e-03
-2.040410935878753662e-01
3.174340352416038513e-02
