5.828182101249694824e-01
2.861295938491821289e-01
-1.964808404445648193e-01
-1.426245272159576416e-01
1.162504255771636963e-01
2.201215550303459167e-02
3.292835131287574768e-02
-7.933537662029266357e-02
-8.240896463394165039e-02
7.367024421691894531e-01
1.857610940933227539e-01
-1.915513873100280762e-01
-1.297516971826553345e-01
2.268327027559280396e-01
-2.225120365619659424e-02
7.834780961275100708e-03
-1.139051690697669983e-01
-8.883914351463317871e-02
9.049787521362304688e-01
1.127672120928764343e-01
-2.010803222656250000e-01
-1.260408312082290649e-01
3.215101957321166992e-01
-3.804744035005569458e-02
-7.577784359455108643e-03
-1.305489540100097656e-01
-1.014157831668853760e-01
