6.528056859970092773e-01
3.824547529220581055e-01
-2.445853501558303833e-01
-3.050477802753448486e-01
-1.402125358581542969e-01
-2.564769424498081207e-02
1.491721719503402710e-03
-2.162688076496124268e-01
-7.268702983856201172e-02
8.411436676979064941e-01
1.744077801704406738e-01
-2.801312804222106934e-01
-3.484478294849395752e-01
5.135060846805572510e-02
-8.011761307716369629e-02
-1.092972159385681152e-01
-2.666546404361724854e-01
-3.401609510183334351e-02
9.697107076644897461e-01
1.218053922057151794e-01
-3.230894207954406738e-01
-3.729527592658996582e-01
1.037953421473503113e-01
-1.297730207443237305e-01
-1.790895462036132812e-01
-2.569764256477355957e-01
-2.826097980141639709e-02
