8.358902335166931152e-01
1.439160853624343872e-01
-3.304185569286346436e-01
-4.550878703594207764e-02
-1.997880339622497559e-01
-7.891783118247985840e-02
4.733822122216224670e-02
-1.802052259445190430e-01
-5.009585991501808167e-02
9.764631986618041992e-01
5.911239236593246460e-02
-4.294653534889221191e-01
-5.744279548525810242e-02
-1.671884208917617798e-01
-4.190871119499206543e-02
4.205163195729255676e-02
-1.711866259574890137e-01
-5.083152651786804199e-02
1.086612820625305176e+00
8.076429367065429688e-05
-5.411050319671630859e-01
-7.337830960750579834e-02
-1.391451954841613770e-01
3.038965165615081787e-03
3.852342814207077026e-02
-1.558113992214202881e-01
-6.682536005973815918e-02
