7.982467412948608398e-01
2.789414823055267334e-01
-8.956874161958694458e-02
6.674576550722122192e-02
-2.403138577938079834e-02
-4.239445924758911133e-02
8.524091541767120361e-02
4.381839931011199951e-02
8.127397298812866211e-02
9.354271292686462402e-01
1.415244340896606445e-01
-9.465798735618591309e-02
5.100471898913383484e-02
1.805219054222106934e-01
-4.295694082975387573e-02
1.155205219984054565e-01
-1.089411228895187378e-02
7.019974291324615479e-02
1.069807291030883789e+00
6.159915775060653687e-02
-9.645245969295501709e-02
3.943604975938796997e-02
3.320439755916595459e-01
-5.588466674089431763e-02
1.371043920516967773e-01
-5.077135562896728516e-02
5.221427977085113525e-02
