6.028271913528442383e-01
7.605895400047302246e-02
-3.473786115646362305e-01
-1.615172922611236572e-01
-2.232335209846496582e-01
-4.811601340770721436e-02
-2.300273627042770386e-03
-1.634507775306701660e-01
5.453620478510856628e-02
7.235479950904846191e-01
1.524925976991653442e-02
-4.183409810066223145e-01
-1.634275466203689575e-01
-2.424085587263107300e-01
-1.503831148147583008e-02
5.930621176958084106e-03
-1.565831303596496582e-01
6.393481791019439697e-02
7.736039161682128906e-01
-5.265452712774276733e-02
-5.312535762786865234e-01
-1.690401732921600342e-01
-2.415930032730102539e-01
1.577768474817276001e-02
1.559289544820785522e-02
-1.370015144348144531e-01
4.195483401417732239e-02
