7.221434116363525391e-01
2.905806899070739746e-02
-2.704733610153198242e-01
9.714033454656600952e-03
-7.575139403343200684e-02
6.465309858322143555e-02
2.976552024483680725e-02
-9.865811467170715332e-02
-1.008259505033493042e-01
7.639847397804260254e-01
-4.156859591603279114e-02
-3.242835104465484619e-01
5.318205431103706360e-02
-7.763044536113739014e-02
6.047409772872924805e-02
9.338203817605972290e-03
-1.174321398138999939e-01
-1.237830668687820435e-01
8.343601226806640625e-01
-1.059293895959854126e-01
-3.879441618919372559e-01
7.618072628974914551e-02
-5.592289566993713379e-02
6.808052957057952881e-02
-4.385702311992645264e-03
-1.246906220912933350e-01
-1.583501696586608887e-01
