8.486303091049194336e-01
1.408556699752807617e-01
-7.175180315971374512e-02
4.685173183679580688e-02
7.194596529006958008e-02
6.133898720145225525e-02
9.942407906055450439e-02
-3.706688806414604187e-02
1.652473583817481995e-02
9.430662989616394043e-01
-8.546091616153717041e-03
-8.782061934471130371e-02
3.625970333814620972e-02
2.554234266281127930e-01
9.622438997030258179e-02
1.192438453435897827e-01
-7.793568819761276245e-02
1.828709244728088379e-02
1.043974995613098145e+00
-6.887321174144744873e-02
-9.105937182903289795e-02
3.280111402273178101e-02
3.672688603401184082e-01
1.093905866146087646e-01
1.391778886318206787e-01
-9.084697067737579346e-02
8.497118949890136719e-03
