8.035393357276916504e-01
2.369426488876342773e-01
-1.690127253532409668e-01
-1.493498682975769043e-01
1.388935744762420654e-01
6.984037160873413086e-02
8.542834222316741943e-02
-8.229833841323852539e-02
-2.388897910714149475e-02
8.341786861419677734e-01
1.065800711512565613e-01
-1.855986714363098145e-01
-1.365052461624145508e-01
2.663352489471435547e-01
6.739515811204910278e-03
8.300195634365081787e-02
-7.942976802587509155e-02
-1.422077417373657227e-02
8.814767599105834961e-01
-7.864385843276977539e-04
-2.163026928901672363e-01
-1.211043596267700195e-01
3.823842406272888184e-01
-1.050866395235061646e-02
8.268333226442337036e-02
-7.054889202117919922e-02
-2.415997162461280823e-02
