7.102696895599365234e-01
2.081632763147354126e-01
-3.489301204681396484e-01
-1.956790387630462646e-01
-1.986547708511352539e-01
-1.756342202425003052e-01
3.872874751687049866e-02
-9.203936159610748291e-02
8.669435977935791016e-02
8.094747662544250488e-01
1.451973915100097656e-01
-4.539678096771240234e-01
-1.974808722734451294e-01
-2.004014402627944946e-01
-1.674122214317321777e-01
4.075581207871437073e-02
-2.341135591268539429e-02
1.240396723151206970e-01
9.296112060546875000e-01
5.647704750299453735e-02
-5.427280664443969727e-01
-1.915106177330017090e-01
-1.302067637443542480e-01
-1.343099772930145264e-01
6.127551943063735962e-02
3.582179546356201172e-03
1.168211549520492554e-01
