8.029620647430419922e-01
2.064119577407836914e-01
-1.583962440490722656e-01
-1.605261117219924927e-03
-3.121063113212585449e-03
5.812001600861549377e-02
1.090842783451080322e-01
-9.539687633514404297e-02
-3.407070413231849670e-02
9.701255559921264648e-01
3.382604569196701050e-02
-1.673740446567535400e-01
-7.166136056184768677e-03
1.875205487012863159e-01
5.737280100584030151e-02
1.127357929944992065e-01
-1.414325535297393799e-01
-2.445974946022033691e-02
1.101439595222473145e+00
-2.399833500385284424e-02
-1.725076735019683838e-01
-6.883651018142700195e-03
2.783126831054687500e-01
6.332068145275115967e-02
1.129733696579933167e-01
-1.622457802295684814e-01
-3.576242551207542419e-02
