8.726953864097595215e-01
6.206763535737991333e-02
-2.632230520248413086e-01
3.652953356504440308e-02
-2.011376023292541504e-01
-1.642853952944278717e-02
1.561424732208251953e-01
-1.036988794803619385e-01
-5.381699278950691223e-02
9.986413717269897461e-01
1.661914587020874023e-02
-3.715087473392486572e-01
6.262589991092681885e-02
-2.142658978700637817e-01
4.817989468574523926e-02
1.987978965044021606e-01
-9.824810177087783813e-02
-8.187173306941986084e-02
1.173384666442871094e+00
-5.148527026176452637e-02
-4.438580274581909180e-01
7.238806784152984619e-02
-1.666972637176513672e-01
1.416398584842681885e-01
2.331559956073760986e-01
-1.069023460149765015e-01
-1.119161248207092285e-01
