8.336549401283264160e-01
3.131387829780578613e-01
-1.368205845355987549e-01
-1.683937013149261475e-01
-3.617173433303833008e-02
3.857995197176933289e-02
1.125080138444900513e-01
-1.249893903732299805e-01
-1.020198166370391846e-01
1.023870944976806641e+00
1.352736949920654297e-01
-1.179313659667968750e-01
-1.857037842273712158e-01
1.839796006679534912e-01
3.912579640746116638e-02
9.738071262836456299e-02
-1.982512772083282471e-01
-8.221779763698577881e-02
1.162572622299194336e+00
5.802638083696365356e-02
-1.263532042503356934e-01
-1.925327479839324951e-01
2.972294092178344727e-01
6.299595534801483154e-02
8.067802339792251587e-02
-2.170223295688629150e-01
-8.161228895187377930e-02
