7.753663063049316406e-01
7.738764584064483643e-02
-1.168881058692932129e-01
-5.410344153642654419e-02
1.603046208620071411e-01
1.476000994443893433e-01
6.707003712654113770e-02
-1.359995752573013306e-01
-4.394992068409919739e-02
7.932122349739074707e-01
-4.233670979738235474e-02
-1.383426487445831299e-01
-4.999485239386558533e-02
2.422570437192916870e-01
1.813031136989593506e-01
5.589540675282478333e-02
-1.531002819538116455e-01
-4.194605350494384766e-02
8.700257539749145508e-01
-9.945371747016906738e-02
-1.554374247789382935e-01
-4.277488961815834045e-02
2.980538010597229004e-01
1.884798705577850342e-01
5.523286014795303345e-02
-1.574350893497467041e-01
-5.570348724722862244e-02
