9.061169028282165527e-01
2.157050073146820068e-01
-2.102654427289962769e-01
7.921779155731201172e-02
-1.913399994373321533e-01
1.097474247217178345e-03
1.059557646512985229e-01
-1.977716088294982910e-01
4.584126546978950500e-02
1.064132928848266602e+00
8.144364506006240845e-02
-2.663151323795318604e-01
2.823758497834205627e-02
-4.570922255516052246e-02
-1.612906903028488159e-02
9.642590582370758057e-02
-1.889712214469909668e-01
4.180432111024856567e-02
1.149878025054931641e+00
8.319750428199768066e-03
-3.167552351951599121e-01
-1.999751105904579163e-02
6.066086888313293457e-02
-4.188588261604309082e-02
8.394249528646469116e-02
-1.768456995487213135e-01
2.770267054438591003e-02
