8.146070837974548340e-01
2.036848813295364380e-01
-1.769613027572631836e-01
-2.214421629905700684e-01
3.141678869724273682e-02
4.181372746825218201e-02
8.642902970314025879e-02
-6.654244661331176758e-02
-4.211135581135749817e-02
8.558517098426818848e-01
9.029581397771835327e-02
-1.999561190605163574e-01
-2.357896566390991211e-01
1.204366460442543030e-01
4.153951257467269897e-02
4.907533153891563416e-02
-6.657769531011581421e-02
3.678325563669204712e-03
9.148290157318115234e-01
-1.216477155685424805e-02
-2.101392149925231934e-01
-2.368461787700653076e-01
2.243387103080749512e-01
5.689553916454315186e-02
2.996108680963516235e-02
-6.211563944816589355e-02
1.407385990023612976e-02
