7.774181365966796875e-01
2.856289446353912354e-01
-1.951679736375808716e-01
-2.581401765346527100e-01
2.324586361646652222e-02
6.320106983184814453e-02
1.185415685176849365e-01
-1.174318939447402954e-01
-1.110381931066513062e-01
8.952276110649108887e-01
1.060033664107322693e-01
-2.269797027111053467e-01
-2.802387177944183350e-01
2.045075297355651855e-01
2.053321525454521179e-02
7.697848975658416748e-02
-1.490229964256286621e-01
-7.186757028102874756e-02
1.005498528480529785e+00
3.163535147905349731e-02
-2.490297108888626099e-01
-2.896635532379150391e-01
2.992242574691772461e-01
-5.218356847763061523e-03
4.226911813020706177e-02
-1.455969810485839844e-01
-5.693627521395683289e-02
