7.507129907608032227e-01
2.558631002902984619e-01
-3.368482589721679688e-01
-1.797729432582855225e-01
-8.322539925575256348e-02
-7.130596041679382324e-02
1.322910562157630920e-02
-1.156116127967834473e-01
-2.972845360636711121e-02
9.540520310401916504e-01
1.294925510883331299e-01
-4.099885821342468262e-01
-1.812745928764343262e-01
-1.804381608963012695e-02
-1.158717423677444458e-01
-2.418717369437217712e-02
-1.251543164253234863e-01
4.911690950393676758e-03
1.098725318908691406e+00
6.648651510477066040e-02
-5.003269910812377930e-01
-1.850312054157257080e-01
1.467943191528320312e-02
-1.191536411643028259e-01
-5.622190982103347778e-02
-1.300350427627563477e-01
-3.322325646877288818e-04
