8.923062682151794434e-01
2.030825316905975342e-01
-1.131546646356582642e-01
-3.479651361703872681e-02
-8.766193687915802002e-02
2.514959499239921570e-02
6.785891950130462646e-02
-1.093799769878387451e-01
-5.184968933463096619e-02
9.683903455734252930e-01
6.745732575654983521e-02
-1.653767526149749756e-01
-4.942711815237998962e-02
1.169113516807556152e-01
3.785515204071998596e-02
7.623855769634246826e-02
-1.276079714298248291e-01
-7.055719196796417236e-02
1.079601049423217773e+00
7.487915456295013428e-03
-1.957462728023529053e-01
-6.857876479625701904e-02
2.371636927127838135e-01
5.844148993492126465e-02
7.971933484077453613e-02
-1.127915531396865845e-01
-8.330695331096649170e-02
