8.224514722824096680e-01
7.651266455650329590e-02
-1.960436403751373291e-01
3.331457823514938354e-02
-1.004724204540252686e-02
4.292294383049011230e-03
1.601242721080780029e-01
1.375462859869003296e-03
1.166283041238784790e-01
8.217119574546813965e-01
-4.569274187088012695e-02
-2.707409262657165527e-01
-4.366111382842063904e-02
6.414978206157684326e-02
5.172546952962875366e-02
1.653873771429061890e-01
-2.813664823770523071e-02
1.104927584528923035e-01
8.171905279159545898e-01
-1.034575998783111572e-01
-3.206276297569274902e-01
-1.019907593727111816e-01
9.627093374729156494e-02
4.819546267390251160e-02
1.710869371891021729e-01
-3.974439203739166260e-02
9.525583684444427490e-02
