7.685377597808837891e-01
2.526105344295501709e-01
-1.672146320343017578e-01
-3.601536154747009277e-04
4.456776008009910583e-02
-1.793445274233818054e-02
1.611607372760772705e-01
-5.873687937855720520e-02
3.835747763514518738e-02
9.154173731803894043e-01
1.274022758007049561e-01
-1.592412889003753662e-01
-1.289693638682365417e-02
2.023475319147109985e-01
-3.879912942647933960e-02
2.193332463502883911e-01
-1.175249293446540833e-01
2.896860986948013306e-02
1.076535582542419434e+00
4.916758090257644653e-02
-1.730335354804992676e-01
-2.174184098839759827e-02
3.191027939319610596e-01
-2.299419045448303223e-02
2.592738568782806396e-01
-1.434122323989868164e-01
1.438894867897033691e-02
