7.862077355384826660e-01
2.619141042232513428e-01
-2.138251662254333496e-01
9.678502380847930908e-02
4.266276955604553223e-04
-3.519675880670547485e-02
3.855818882584571838e-02
-9.855195879936218262e-02
1.483492851257324219e-01
9.349255561828613281e-01
1.503651142120361328e-01
-2.670572102069854736e-01
9.852379560470581055e-02
1.504451930522918701e-01
-8.938048779964447021e-02
1.069365888833999634e-01
-9.487012773752212524e-02
1.192500889301300049e-01
1.074020624160766602e+00
8.285402506589889526e-02
-3.086591958999633789e-01
8.933915197849273682e-02
2.618285417556762695e-01
-1.062392368912696838e-01
1.506821215152740479e-01
-1.085062623023986816e-01
7.943995296955108643e-02
