9.099393486976623535e-01
1.729018986225128174e-01
-1.554254591464996338e-01
-6.865397840738296509e-02
-4.996609687805175781e-02
1.917002350091934204e-02
7.785536348819732666e-02
-5.633551999926567078e-02
-1.225452870130538940e-03
1.015871524810791016e+00
4.864784330129623413e-02
-1.910987943410873413e-01
-8.008705079555511475e-02
7.978004217147827148e-02
3.788534179329872131e-02
8.064813911914825439e-02
-7.291639596223831177e-02
1.829395070672035217e-02
1.121323347091674805e+00
-3.095741942524909973e-02
-2.124027460813522339e-01
-8.611102402210235596e-02
1.849707663059234619e-01
6.134224683046340942e-02
7.912435382604598999e-02
-8.651892840862274170e-02
1.196302846074104309e-02
