8.306208848953247070e-01
1.159219890832901001e-01
-1.789420247077941895e-01
1.117729172110557556e-01
5.416851863265037537e-02
-2.605163305997848511e-02
1.293624639511108398e-01
4.438965767621994019e-02
1.347253471612930298e-01
8.366160392761230469e-01
3.565874695777893066e-02
-2.280380725860595703e-01
1.113067865371704102e-01
1.632453352212905884e-01
-1.338762789964675903e-02
2.052648216485977173e-01
7.850784808397293091e-02
1.211332455277442932e-01
8.903021812438964844e-01
-3.436742722988128662e-02
-2.392311394214630127e-01
1.067822575569152832e-01
2.810489535331726074e-01
7.841974496841430664e-03
2.636464536190032959e-01
8.165552467107772827e-02
9.898805618286132812e-02
