9.108215570449829102e-01
1.988843530416488647e-01
-9.761856496334075928e-02
1.414835453033447266e-03
-1.728901565074920654e-01
5.819087103009223938e-02
6.850810348987579346e-02
-2.119974344968795776e-01
1.390085741877555847e-02
1.143712759017944336e+00
5.616562068462371826e-02
-1.315775066614151001e-01
-5.706334486603736877e-02
-6.592318415641784668e-03
1.084542870521545410e-01
4.400848224759101868e-02
-2.438784539699554443e-01
1.466638222336769104e-02
1.310591697692871094e+00
6.007306277751922607e-03
-1.499402523040771484e-01
-1.117950081825256348e-01
9.111994504928588867e-02
1.228602975606918335e-01
1.913658529520034790e-02
-2.580600678920745850e-01
5.368974059820175171e-03
