7.833664417266845703e-01
9.721745550632476807e-02
-1.687085181474685669e-01
1.123316586017608643e-01
-2.267211675643920898e-02
-6.180014461278915405e-03
2.119771987199783325e-01
-1.872107386589050293e-02
-1.138298362493515015e-01
8.818819522857666016e-01
3.294341266155242920e-02
-2.297437489032745361e-01
1.502374410629272461e-01
2.357171475887298584e-02
1.412158459424972534e-02
2.697451412677764893e-01
-6.867357343435287476e-02
-1.388644725084304810e-01
1.059906005859375000e+00
-4.699938744306564331e-02
-3.004761040210723877e-01
1.804232299327850342e-01
1.069180592894554138e-01
7.391650974750518799e-02
3.226898610591888428e-01
-8.986292779445648193e-02
-1.642579436302185059e-01
