8.518826961517333984e-01
2.404534667730331421e-01
-1.062165051698684692e-01
-6.010450422763824463e-02
-1.165413707494735718e-01
3.706885501742362976e-02
8.824078738689422607e-02
-2.047811746597290039e-01
-6.431031972169876099e-03
1.070649862289428711e+00
9.978785365819931030e-02
-1.172021627426147461e-01
-7.549396157264709473e-02
4.528075456619262695e-02
9.296843409538269043e-02
1.088144481182098389e-01
-2.504633963108062744e-01
-1.004421710968017578e-02
1.275185823440551758e+00
3.193535655736923218e-02
-1.251558363437652588e-01
-9.062750637531280518e-02
1.618947386741638184e-01
1.351558715105056763e-01
1.223190799355506897e-01
-2.746670842170715332e-01
-2.248212322592735291e-02
