7.678502202033996582e-01
2.816064357757568359e-01
-2.177667170763015747e-01
-1.379314437508583069e-02
-1.003650575876235962e-02
-2.424217760562896729e-03
9.848995506763458252e-02
-7.662355899810791016e-02
-1.036518439650535583e-02
8.773784637451171875e-01
1.765903532505035400e-01
-2.446678578853607178e-01
-7.587466388940811157e-03
1.307618319988250732e-01
-4.382616281509399414e-02
1.220781207084655762e-01
-8.334500342607498169e-02
-2.347260713577270508e-02
9.723889827728271484e-01
8.342107385396957397e-02
-2.591087520122528076e-01
-6.756719201803207397e-03
2.633077800273895264e-01
-5.315259099006652832e-02
1.391694545745849609e-01
-8.752901852130889893e-02
-3.918305411934852600e-02
