6.424520611763000488e-01
-1.716829836368560791e-03
-2.495494633913040161e-01
2.623711153864860535e-02
-1.796238124370574951e-03
-2.111240476369857788e-02
1.080488860607147217e-01
7.881288230419158936e-02
-9.335170686244964600e-02
6.557003855705261230e-01
-4.768765717744827271e-02
-3.098075091838836670e-01
4.181630536913871765e-02
7.693752646446228027e-03
1.256957650184631348e-02
9.319584071636199951e-02
7.347594201564788818e-02
-1.144711226224899292e-01
7.061618566513061523e-01
-1.054530218243598938e-01
-3.629372119903564453e-01
4.324058815836906433e-02
4.489082098007202148e-02
5.482731014490127563e-02
9.489259868860244751e-02
8.148871362209320068e-02
-1.392023563385009766e-01
