9.034321308135986328e-01
3.538381680846214294e-02
-1.662604957818984985e-01
-2.758961170911788940e-02
-1.706950962543487549e-01
8.075137436389923096e-02
1.527549475431442261e-01
-1.610735207796096802e-01
-3.454538807272911072e-02
9.592027068138122559e-01
-2.116253226995468140e-02
-2.624042034149169922e-01
-4.643611237406730652e-02
-2.001270800828933716e-01
1.648148000240325928e-01
1.540656685829162598e-01
-1.652444303035736084e-01
-3.447006642818450928e-02
1.060103893280029297e+00
-1.069181933999061584e-01
-3.241636753082275391e-01
-6.824266910552978516e-02
-1.405252218246459961e-01
2.079647481441497803e-01
1.579286158084869385e-01
-1.753440499305725098e-01
-4.607405886054039001e-02
