8.409163951873779297e-01
1.393286585807800293e-01
-3.394250273704528809e-01
-9.924832731485366821e-02
-1.827563047409057617e-01
1.838769763708114624e-03
-1.022989675402641296e-02
-2.071410715579986572e-01
7.461091876029968262e-02
9.210467338562011719e-01
-3.784250468015670776e-03
-4.192814230918884277e-01
-1.311588138341903687e-01
-1.267440766096115112e-01
5.232237651944160461e-02
-3.369737789034843445e-02
-1.776581108570098877e-01
1.032374203205108643e-01
1.019899368286132812e+00
-3.903996944427490234e-02
-4.515023827552795410e-01
-1.577869653701782227e-01
-1.108547449111938477e-01
4.254066199064254761e-02
-6.129667907953262329e-02
-1.927891671657562256e-01
9.525041282176971436e-02
