8.812955617904663086e-01
1.066949814558029175e-01
-1.991072148084640503e-01
-9.027657657861709595e-02
-2.249127626419067383e-02
5.482048913836479187e-02
-2.840870246291160583e-02
-1.579623520374298096e-01
4.278450459241867065e-02
8.719850182533264160e-01
-1.994463056325912476e-02
-2.550302743911743164e-01
-1.181186735630035400e-01
9.159839153289794922e-02
1.169850155711174011e-01
-3.993200883269309998e-02
-1.440583467483520508e-01
3.338463231921195984e-02
9.021497964859008789e-01
-7.057993859052658081e-02
-2.661077082157135010e-01
-1.457874476909637451e-01
1.542272865772247314e-01
1.269186586141586304e-01
-5.131595581769943237e-02
-1.347306072711944580e-01
2.136643230915069580e-02
