8.625109195709228516e-01
1.110412478446960449e-01
-2.142340540885925293e-01
1.157380342483520508e-01
-1.634355783462524414e-01
1.315701007843017578e-02
1.442881077527999878e-01
-1.715052872896194458e-01
2.309775725007057190e-02
1.026857376098632812e+00
-1.598097383975982666e-03
-3.357415497303009033e-01
1.201941370964050293e-01
-9.613992273807525635e-02
2.703238278627395630e-02
1.864878982305526733e-01
-1.711045205593109131e-01
-7.730498909950256348e-04
1.185607910156250000e+00
-6.076188385486602783e-02
-4.293603301048278809e-01
1.150223910808563232e-01
-4.159089922904968262e-02
5.421909317374229431e-02
2.209258973598480225e-01
-1.660551428794860840e-01
-2.752939984202384949e-02
