9.243570566177368164e-01
3.455914556980133057e-04
-5.467264354228973389e-02
-2.547617256641387939e-02
-6.220294535160064697e-02
1.612051427364349365e-01
4.392008855938911438e-02
-1.274839937686920166e-01
-6.014872714877128601e-02
9.773977994918823242e-01
-9.705112129449844360e-02
-1.251407116651535034e-01
-2.682631835341453552e-02
-5.324149131774902344e-02
2.601465582847595215e-01
1.776162534952163696e-03
-1.630329191684722900e-01
-4.233575612306594849e-02
1.085647106170654297e+00
-1.548552513122558594e-01
-1.725977361202239990e-01
-2.708991244435310364e-02
-1.721312105655670166e-02
2.903185486793518066e-01
-2.529875189065933228e-02
-1.999256014823913574e-01
-5.343433842062950134e-02
