5.843923687934875488e-01
4.380602538585662842e-01
-8.591420948505401611e-02
-3.544004857540130615e-01
-1.688897907733917236e-01
1.280379667878150940e-02
-5.891552194952964783e-02
-2.208364009857177734e-01
-4.475720599293708801e-02
8.665771484375000000e-01
2.378796339035034180e-01
-6.520570814609527588e-02
-3.132230937480926514e-01
7.021421939134597778e-02
-3.807142376899719238e-03
-8.750787377357482910e-02
-3.826397657394409180e-01
-3.449742496013641357e-02
1.091089963912963867e+00
1.728942990303039551e-01
-7.639975845813751221e-02
-2.657729089260101318e-01
1.584873646497726440e-01
3.674618899822235107e-03
-8.502269536256790161e-02
-4.115106463432312012e-01
-5.655571445822715759e-02
