7.767803072929382324e-01
1.389442086219787598e-01
-3.244166374206542969e-01
-7.017412036657333374e-02
-1.336293667554855347e-02
5.529042333364486694e-03
4.884438589215278625e-02
-4.666229709982872009e-02
-2.072205543518066406e-01
8.612931966781616211e-01
5.694454163312911987e-02
-4.101553261280059814e-01
1.016218587756156921e-02
-5.300028622150421143e-02
6.995957344770431519e-03
3.171757236123085022e-02
-8.839321881532669067e-02
-2.286152094602584839e-01
1.012319445610046387e+00
-8.218452334403991699e-03
-5.043544769287109375e-01
5.566431209444999695e-02
-5.223616957664489746e-02
3.645556420087814331e-02
1.326131075620651245e-02
-1.207218170166015625e-01
-2.540595829486846924e-01
