9.027723073959350586e-01
2.437722533941268921e-01
-1.621899604797363281e-01
-8.639834821224212646e-03
-2.386171817779541016e-01
3.744918853044509888e-03
1.035691201686859131e-01
-1.806406974792480469e-01
-1.287589818239212036e-01
1.034350633621215820e+00
1.826616823673248291e-01
-2.257080972194671631e-01
5.342723801732063293e-02
-2.181079536676406860e-01
-4.630990326404571533e-03
1.310076862573623657e-01
-2.681168913841247559e-01
-1.681313663721084595e-01
1.194245815277099609e+00
5.333506315946578979e-02
-3.254747390747070312e-01
9.828832745552062988e-02
-1.142428517341613770e-01
3.573213890194892883e-02
1.592316925525665283e-01
-3.000103235244750977e-01
-2.033720612525939941e-01
