6.328837275505065918e-01
1.898071765899658203e-01
-1.704319715499877930e-01
-3.135721385478973389e-01
-1.018097251653671265e-02
2.816546335816383362e-02
-1.479009911417961121e-02
-8.361907303333282471e-02
-8.611284196376800537e-02
7.387899756431579590e-01
8.610836416482925415e-02
-2.462648302316665649e-01
-3.442355692386627197e-01
6.805794686079025269e-02
1.546889543533325195e-02
-1.094727069139480591e-01
-6.172118335962295532e-02
-4.470686614513397217e-02
8.576805591583251953e-01
3.764381259679794312e-02
-3.017995357513427734e-01
-3.764043450355529785e-01
1.220333501696586609e-01
-2.774983644485473633e-03
-1.741701960563659668e-01
-3.655831515789031982e-02
-3.082072362303733826e-02
