7.589380741119384766e-01
3.347520828247070312e-01
-1.403723955154418945e-01
3.589253872632980347e-03
-4.583424329757690430e-02
-4.521561786532402039e-02
7.307116687297821045e-02
-4.633407667279243469e-02
8.373133838176727295e-02
8.737252950668334961e-01
2.008431255817413330e-01
-1.698123067617416382e-01
5.355514585971832275e-04
1.760070770978927612e-01
-1.046820878982543945e-01
1.230292916297912598e-01
-6.180300563573837280e-02
5.012968927621841431e-02
9.975807666778564453e-01
1.086714789271354675e-01
-1.935130357742309570e-01
-6.297696381807327271e-03
3.431622982025146484e-01
-1.325155496597290039e-01
1.583048999309539795e-01
-6.786705553531646729e-02
2.071183919906616211e-02
