6.763007640838623047e-01
3.964070975780487061e-01
-2.142592370510101318e-01
-2.490022778511047363e-01
-7.019639015197753906e-02
-3.647700324654579163e-02
1.150579303503036499e-01
-5.353109911084175110e-02
-1.157156974077224731e-01
7.809410691261291504e-01
2.167825996875762939e-01
-2.570465803146362305e-01
-2.632450461387634277e-01
1.563228368759155273e-01
-1.073137074708938599e-01
5.879887565970420837e-02
-5.264470726251602173e-02
-6.974899768829345703e-02
8.766413927078247070e-01
1.240705326199531555e-01
-2.714481353759765625e-01
-2.587439119815826416e-01
3.010562360286712646e-01
-1.518860459327697754e-01
2.906482666730880737e-02
-3.482846915721893311e-02
-5.751323327422142029e-02
