7.546989917755126953e-01
2.375759929418563843e-01
-3.122387528419494629e-01
-1.577733755111694336e-01
-1.302666962146759033e-01
-7.652932405471801758e-02
6.958355009555816650e-02
-1.906934827566146851e-01
5.962371826171875000e-03
8.532661795616149902e-01
1.311445832252502441e-01
-3.741495907306671143e-01
-1.647244095802307129e-01
-4.596571624279022217e-02
-1.069835424423217773e-01
7.370176911354064941e-02
-1.425117850303649902e-01
3.294798731803894043e-02
9.233624935150146484e-01
4.863769561052322388e-02
-4.495589733123779297e-01
-1.672065556049346924e-01
3.946527838706970215e-02
-1.094409897923469543e-01
8.223370462656021118e-02
-1.024782508611679077e-01
3.075009956955909729e-02
