6.667945981025695801e-01
2.820347249507904053e-01
-3.903968930244445801e-01
-5.643590539693832397e-02
-1.427970677614212036e-01
-1.548636257648468018e-01
-5.150612443685531616e-03
-2.265875935554504395e-01
4.844795167446136475e-02
8.507792949676513672e-01
1.516469717025756836e-01
-4.470722973346710205e-01
-8.257770538330078125e-02
-8.258922398090362549e-02
-1.574242860078811646e-01
-5.752560123801231384e-02
-1.836818158626556396e-01
8.724036067724227905e-02
9.969185590744018555e-01
1.037675067782402039e-01
-5.020593404769897461e-01
-9.020061790943145752e-02
-4.466414451599121094e-02
-1.825123429298400879e-01
-7.641182094812393188e-02
-1.742617487907409668e-01
7.906372845172882080e-02
