9.193492531776428223e-01
1.458864808082580566e-01
-1.355318725109100342e-01
-9.191408008337020874e-02
-1.205763220787048340e-01
4.245687648653984070e-02
7.420431077480316162e-02
-8.195877075195312500e-02
-2.053454145789146423e-02
1.011184334754943848e+00
2.052750438451766968e-03
-2.158755660057067871e-01
-1.102010756731033325e-01
1.743489503860473633e-02
5.721202492713928223e-02
4.963191226124763489e-02
-1.007697507739067078e-01
1.039319857954978943e-02
1.082561373710632324e+00
-6.984892487525939941e-02
-2.687153518199920654e-01
-1.130469739437103271e-01
9.867846965789794922e-02
7.073366641998291016e-02
3.616952151060104370e-02
-1.022472828626632690e-01
6.214480847120285034e-03
