8.039537072181701660e-01
1.523715704679489136e-01
-3.186271190643310547e-01
-5.891711264848709106e-02
-1.346686780452728271e-01
3.540217876434326172e-04
2.984647825360298157e-02
-1.977289170026779175e-01
-2.011931538581848145e-01
8.274040222167968750e-01
7.967428117990493774e-02
-4.579233527183532715e-01
-2.212021499872207642e-02
-1.615982800722122192e-01
-1.687131822109222412e-02
-3.543431684374809265e-02
-1.722395122051239014e-01
-2.165486663579940796e-01
9.037283062934875488e-01
1.121208816766738892e-02
-5.789929032325744629e-01
-5.241964012384414673e-03
-1.439715623855590820e-01
-2.255664020776748657e-02
-7.140906900167465210e-02
-1.446221470832824707e-01
-2.360271513462066650e-01
