7.966407537460327148e-01
7.712982594966888428e-03
-2.814784646034240723e-01
1.013821363449096680e-01
-6.456539034843444824e-02
3.348727896809577942e-02
1.813563257455825806e-01
-7.462364435195922852e-02
-3.896216675639152527e-02
8.813155889511108398e-01
-1.165744066238403320e-01
-3.633144497871398926e-01
7.651616632938385010e-02
-1.379491388797760010e-02
5.225828662514686584e-02
1.845760047435760498e-01
-7.800646871328353882e-02
-3.320522606372833252e-02
9.773907065391540527e-01
-1.550665497779846191e-01
-4.411293864250183105e-01
5.892708525061607361e-02
-1.129214465618133545e-02
7.413226366043090820e-02
1.823128759860992432e-01
-8.804412186145782471e-02
-4.748870804905891418e-02
