8.798758983612060547e-01
1.372913122177124023e-01
-1.705896854400634766e-01
-2.881892025470733643e-02
-7.765595614910125732e-02
6.402555108070373535e-02
6.865766644477844238e-02
-1.836514770984649658e-01
-6.387937813997268677e-03
9.984629154205322266e-01
-2.592269331216812134e-03
-2.337297201156616211e-01
-5.691563710570335388e-02
7.230955362319946289e-02
7.408429682254791260e-02
6.152992323040962219e-02
-1.816068589687347412e-01
2.317316830158233643e-03
1.045511960983276367e+00
-6.662873178720474243e-02
-2.876918017864227295e-01
-7.626855373382568359e-02
1.526722609996795654e-01
7.761880010366439819e-02
5.743625015020370483e-02
-1.603196263313293457e-01
-1.056323572993278503e-02
