8.923544883728027344e-01
1.157677471637725830e-01
-5.199697613716125488e-02
3.563022240996360779e-02
3.682325407862663269e-02
9.449215233325958252e-02
6.835179030895233154e-02
-2.706435695290565491e-02
3.758169710636138916e-02
9.470288157463073730e-01
1.138521730899810791e-02
-4.586514830589294434e-02
6.338879466056823730e-02
1.237963661551475525e-01
1.036208122968673706e-01
1.099030822515487671e-01
-1.200283542275428772e-01
2.762380242347717285e-02
1.025461435317993164e+00
-8.091352134943008423e-02
-9.072300791740417480e-02
8.641399443149566650e-02
2.057792842388153076e-01
1.327214688062667847e-01
1.374467015266418457e-01
-1.670454740524291992e-01
-1.195602118968963623e-03
