7.837901115417480469e-01
2.236590236425399780e-01
-2.139516025781631470e-01
1.940152049064636230e-01
1.425954401493072510e-01
6.129354611039161682e-02
7.316988706588745117e-02
-1.629110872745513916e-01
8.128099143505096436e-02
9.392113685607910156e-01
9.894514828920364380e-02
-2.348569631576538086e-01
2.241908311843872070e-01
2.702360749244689941e-01
4.396446049213409424e-03
1.507748961448669434e-01
-2.008040249347686768e-01
3.397962450981140137e-02
1.104601740837097168e+00
4.584277421236038208e-02
-2.612466216087341309e-01
2.364672571420669556e-01
3.477067351341247559e-01
-1.618497818708419800e-02
1.986161172389984131e-01
-2.388302087783813477e-01
-1.412994787096977234e-02
