7.620206475257873535e-01
3.569693267345428467e-01
-1.951867491006851196e-01
-9.371375292539596558e-02
-6.418402493000030518e-02
1.959747821092605591e-02
1.280137747526168823e-01
-1.634976416826248169e-01
-5.832199007272720337e-03
8.662015199661254883e-01
1.814608275890350342e-01
-2.590800523757934570e-01
-1.172257214784622192e-01
1.412961781024932861e-01
-5.519774556159973145e-02
1.371747404336929321e-01
-1.998106241226196289e-01
-1.562024652957916260e-02
1.009154081344604492e+00
1.101959571242332458e-01
-2.966711521148681641e-01
-1.322549581527709961e-01
2.492229938507080078e-01
-1.074701324105262756e-01
1.414171755313873291e-01
-2.069002091884613037e-01
-3.054649010300636292e-02
