8.067453503608703613e-01
3.207908272743225098e-01
-8.231708407402038574e-02
4.741560667753219604e-03
-4.904499650001525879e-02
6.094587221741676331e-02
5.061267688870429993e-02
-2.460535466670989990e-01
-9.573165327310562134e-03
1.037325382232666016e+00
1.395033299922943115e-01
-6.011898815631866455e-02
1.136098057031631470e-02
2.081533968448638916e-01
4.782942682504653931e-02
9.101401269435882568e-02
-3.139128684997558594e-01
-2.868835628032684326e-02
1.248452901840209961e+00
9.015391021966934204e-02
-6.693083047866821289e-02
1.391066610813140869e-02
3.357784450054168701e-01
4.162393137812614441e-02
1.123670861124992371e-01
-3.387837111949920654e-01
-5.400587990880012512e-02
