7.546614408493041992e-01
1.860049068927764893e-01
-2.964265644550323486e-01
-1.022120788693428040e-01
1.881224215030670166e-01
6.118408963084220886e-02
-2.963926643133163452e-03
-8.441317081451416016e-02
-6.152082234621047974e-03
8.142535686492919922e-01
2.815024554729461670e-02
-3.020338714122772217e-01
-7.768401503562927246e-02
2.979513108730316162e-01
2.061400935053825378e-02
-3.043072298169136047e-02
-7.787048071622848511e-02
2.409726381301879883e-03
8.438566923141479492e-01
-4.596487432718276978e-02
-3.058452308177947998e-01
-5.853611603379249573e-02
3.561936020851135254e-01
4.183240234851837158e-03
-4.971560835838317871e-02
-7.770909368991851807e-02
-1.639482006430625916e-02
