9.129719734191894531e-01
2.344236671924591064e-01
-1.253287643194198608e-01
-2.446053177118301392e-02
-1.391218006610870361e-01
4.901001229882240295e-02
4.829411581158638000e-02
-2.035464793443679810e-01
3.747338056564331055e-02
1.024386405944824219e+00
8.935091644525527954e-02
-1.884595453739166260e-01
-2.639874443411827087e-02
5.227238684892654419e-02
2.960771508514881134e-02
6.994545459747314453e-02
-2.095492780208587646e-01
2.748484164476394653e-02
1.090333819389343262e+00
-3.671944141387939453e-04
-2.329503893852233887e-01
-2.717049047350883484e-02
1.910560280084609985e-01
1.082219928503036499e-02
8.875753730535507202e-02
-1.899452209472656250e-01
6.864849478006362915e-03
