8.166485428810119629e-01
2.547969222068786621e-01
-1.749121844768524170e-01
-1.704307198524475098e-01
-1.283040642738342285e-02
5.672744289040565491e-02
1.430560201406478882e-01
-7.560843229293823242e-02
-5.635990574955940247e-02
8.933869600296020508e-01
7.380121201276779175e-02
-2.024235725402832031e-01
-1.922081112861633301e-01
1.692766249179840088e-01
3.902431577444076538e-02
1.236203163862228394e-01
-9.068966656923294067e-02
-2.608433365821838379e-03
9.718978404998779297e-01
-2.141804993152618408e-02
-2.043324708938598633e-01
-1.930945515632629395e-01
2.955116033554077148e-01
1.788754016160964966e-02
1.082411333918571472e-01
-1.005724370479583740e-01
1.572890207171440125e-02
