6.812319755554199219e-01
3.822050988674163818e-01
-1.655648648738861084e-01
-1.899428665637969971e-01
-2.605573087930679321e-02
5.537815392017364502e-03
2.280838042497634888e-01
-8.959276974201202393e-02
-9.067532420158386230e-02
8.165490627288818359e-01
2.460369467735290527e-01
-1.684903949499130249e-01
-1.919660717248916626e-01
1.578900516033172607e-01
-7.681357860565185547e-02
2.609846293926239014e-01
-1.480449438095092773e-01
-5.597876012325286865e-02
9.604448080062866211e-01
1.223848983645439148e-01
-2.067122161388397217e-01
-1.729192435741424561e-01
3.125094771385192871e-01
-8.464682847261428833e-02
2.893131375312805176e-01
-1.605814993381500244e-01
-5.125249549746513367e-02
