6.192078590393066406e-01
4.009162485599517822e-01
-3.498578071594238281e-01
-2.580564469099044800e-02
-5.133219063282012939e-02
-9.950391948223114014e-02
1.013500392436981201e-01
-1.215523183345794678e-01
5.604895204305648804e-02
7.788622975349426270e-01
2.098898291587829590e-01
-4.007980823516845703e-01
-3.434400632977485657e-02
1.511063873767852783e-01
-2.096204161643981934e-01
1.162823289632797241e-01
-1.374285817146301270e-01
4.337882250547409058e-02
8.605775833129882812e-01
1.384603977203369141e-01
-4.644060730934143066e-01
-3.525931760668754578e-02
2.348767817020416260e-01
-2.822065651416778564e-01
1.312996745109558105e-01
-1.324852705001831055e-01
1.291479542851448059e-02
