7.159210443496704102e-01
9.478810429573059082e-02
-2.997045516967773438e-01
-1.088316813111305237e-01
-2.325037121772766113e-02
-5.072122439742088318e-02
4.463333263993263245e-02
-5.771778896450996399e-02
3.362997993826866150e-02
7.028553485870361328e-01
1.055913418531417847e-02
-3.785311579704284668e-01
-1.175355017185211182e-01
-8.107423782348632812e-03
-3.757925331592559814e-02
3.155374154448509216e-02
-5.910456180572509766e-03
5.077030509710311890e-02
7.501286268234252930e-01
-4.594043642282485962e-02
-4.425198137760162354e-01
-1.279520243406295776e-01
2.466486394405364990e-02
-2.824323624372482300e-02
2.976622432470321655e-02
1.925649493932723999e-02
4.149624332785606384e-02
