7.349299788475036621e-01
1.719296872615814209e-01
-1.492146253585815430e-01
-9.888220578432083130e-02
6.117574870586395264e-02
1.117027252912521362e-01
7.088309526443481445e-02
-2.029176652431488037e-01
-2.412478998303413391e-02
8.912603259086608887e-01
1.761960238218307495e-02
-1.227837949991226196e-01
-1.182464957237243652e-01
2.521827816963195801e-01
9.906482696533203125e-02
7.710640132427215576e-02
-2.199347019195556641e-01
-1.836068183183670044e-02
1.021588444709777832e+00
-2.762888371944427490e-02
-1.222926825284957886e-01
-1.366036832332611084e-01
3.405410945415496826e-01
9.514182060956954956e-02
6.989685446023941040e-02
-2.163640558719635010e-01
-3.025683388113975525e-02
