7.363996505737304688e-01
3.031688630580902100e-01
-2.075056433677673340e-01
-1.294026672840118408e-01
1.410341262817382812e-01
5.881108716130256653e-02
1.125733405351638794e-01
-9.631745517253875732e-02
-2.753764763474464417e-02
8.468461036682128906e-01
1.302758753299713135e-01
-1.952687501907348633e-01
-1.309550702571868896e-01
3.380498886108398438e-01
1.097211614251136780e-02
1.107863634824752808e-01
-1.151340231299400330e-01
-1.542587578296661377e-02
9.409104585647583008e-01
4.927740246057510376e-02
-1.714885681867599487e-01
-1.271361708641052246e-01
4.623360037803649902e-01
-2.005843818187713623e-02
1.088399216532707214e-01
-1.180965006351470947e-01
-1.831920072436332703e-02
