9.061943888664245605e-01
3.396130204200744629e-01
-6.741462647914886475e-02
-1.791041716933250427e-02
-2.169006764888763428e-01
1.057027652859687805e-02
2.784658595919609070e-02
-1.627177745103836060e-01
-3.268232569098472595e-02
1.134086966514587402e+00
1.790954172611236572e-01
-8.181589841842651367e-02
-1.466468349099159241e-02
8.564010262489318848e-03
1.592080667614936829e-02
3.575383499264717102e-02
-2.531275749206542969e-01
-4.337926208972930908e-02
1.329518198966979980e+00
1.045533493161201477e-01
-1.126985400915145874e-01
-1.601626351475715637e-02
1.435591727495193481e-01
2.772989869117736816e-02
3.476025164127349854e-02
-2.925723791122436523e-01
-6.489479541778564453e-02
