8.116274476051330566e-01
6.121217831969261169e-02
-2.120944410562515259e-01
1.887113153934478760e-01
1.668441146612167358e-01
5.964780971407890320e-02
1.506732106208801270e-01
-2.209238335490226746e-02
7.737259566783905029e-02
8.452315330505371094e-01
-5.861286073923110962e-02
-2.754112780094146729e-01
2.027003169059753418e-01
2.527547478675842285e-01
3.104240261018276215e-02
2.077022343873977661e-01
-3.306790441274642944e-02
2.058379724621772766e-02
8.869795203208923340e-01
-1.102866232395172119e-01
-3.370520472526550293e-01
2.023216784000396729e-01
2.914040684700012207e-01
3.612659126520156860e-02
2.502115368843078613e-01
-3.615485131740570068e-02
-3.035616502165794373e-02
