9.072558283805847168e-01
2.519155442714691162e-01
-2.431976497173309326e-01
-4.696990549564361572e-02
-2.388431131839752197e-02
3.537715598940849304e-02
9.690116345882415771e-02
-1.035204231739044189e-01
3.091915324330329895e-02
8.627272844314575195e-01
6.589809805154800415e-02
-3.118558526039123535e-01
-3.533033654093742371e-02
2.099929749965667725e-01
-1.355784386396408081e-02
1.306570917367935181e-01
-4.672802239656448364e-02
3.756090998649597168e-02
8.292924165725708008e-01
-1.438589394092559814e-02
-3.183493018150329590e-01
-2.086931839585304260e-02
3.492615818977355957e-01
-5.776501446962356567e-02
1.538181602954864502e-01
-3.243684768676757812e-03
2.779940143227577209e-02
