6.671745777130126953e-01
2.178459018468856812e-01
-3.980743885040283203e-01
-1.338606178760528564e-01
1.613365113735198975e-02
-9.878671169281005859e-02
1.558686643838882446e-01
-7.883815467357635498e-02
4.634880274534225464e-02
7.239630818367004395e-01
1.004337295889854431e-01
-4.138295054435729980e-01
-1.797182559967041016e-01
6.633472442626953125e-02
-1.233491748571395874e-01
1.446849554777145386e-01
-3.983651846647262573e-02
8.289747685194015503e-02
7.827364206314086914e-01
2.582006901502609253e-02
-4.459422230720520020e-01
-2.074798941612243652e-01
1.145525872707366943e-01
-1.318776607513427734e-01
1.376952826976776123e-01
-2.973401546478271484e-02
8.535200357437133789e-02
